9.521730441512351595e-01 8.185802021330399469e-01 0.000000000000000000e+00
8.986752228726485603e-01 6.930788838988629630e-01 1.000000000000000056e-01
8.420312914761277634e-01 5.939347645954319299e-01 2.000000000000000111e-01
7.832738455827078505e-01 5.112236601061691532e-01 3.000000000000000444e-01
7.229725326605804803e-01 4.401126464459770293e-01 4.000000000000000222e-01
6.614912530505177024e-01 3.778080285965825791e-01 5.000000000000000000e-01
5.990844611970630451e-01 3.225191560769787302e-01 6.000000000000000888e-01
5.359413550245427649e-01 2.730146663383625771e-01 7.000000000000000666e-01
4.722089429384311865e-01 2.284030185952998226e-01 8.000000000000000444e-01
4.080052305281941516e-01 1.880125801664643270e-01 9.000000000000000222e-01
3.434272931694131170e-01 1.513210999616772523e-01 1.000000000000000000e+00
2.785564925163429018e-01 1.179118015604263825e-01 1.100000000000000089e+00
2.307295366675780890e-01 1.324920036934663092e-01 1.200000000000000178e+00
1.829025808188132762e-01 1.470722058265062360e-01 1.300000000000000044e+00
1.350756249700484635e-01 1.616524079595461627e-01 1.400000000000000133e+00
