1.323298270364463036e+01 7.172136833782449372e+00 5.000000000000000000e-01
1.351253250284942453e+01 7.584164431388891181e+00 1.000000000000000000e+00
1.387702317381072703e+01 7.241897648334824744e+00 1.500000000000000000e+00
1.441723833636139140e+01 7.530483852366358200e+00 2.000000000000000000e+00
1.427587505573716520e+01 6.799571592686602273e+00 2.500000000000000000e+00
1.514371030098713433e+01 7.171282099181700787e+00 3.000000000000000000e+00
1.517459346223548167e+01 6.111474422119734129e+00 3.500000000000000000e+00
1.609198575965165645e+01 5.937465981893174316e+00 4.000000000000000000e+00
1.645647643061295895e+01 5.595199198839107879e+00 4.500000000000000000e+00
1.682096710157426145e+01 5.252932415785041442e+00 5.000000000000000000e+00
1.670881473331823130e+01 4.735210472301101703e+00 5.500000000000000000e+00
1.707330540427953380e+01 4.392943689247035266e+00 6.000000000000000000e+00
1.743779607524083630e+01 4.050676906192968829e+00 6.500000000000000000e+00
1.780228674620213880e+01 3.708410123138902392e+00 7.000000000000000000e+00
1.816677741716344130e+01 3.366143340084835955e+00 7.500000000000000000e+00
1.872199865132773411e+01 3.572828062835904817e+00 8.000000000000000000e+00
1.853949459488431017e+01 3.169067250872748431e+00 8.500000000000000000e+00
1.922061079243028914e+01 3.325922921738423188e+00 9.000000000000000000e+00
1.870132690828425837e+01 2.689798159663244981e+00 9.500000000000000000e+00
1.966026514628896038e+01 2.900754069152527759e+00 1.000000000000000000e+01
1.790469962384105784e+01 3.239704715508971766e+00 1.050000000000000000e+01
1.841945811908365371e+01 3.606889820928192325e+00 1.100000000000000000e+01
1.878394879004495621e+01 3.264623037874125444e+00 1.150000000000000000e+01
1.861872100355925497e+01 2.770731137250646015e+00 1.200000000000000000e+01
1.953557921251183416e+01 3.025175440701508567e+00 1.250000000000000000e+01
1.896321452683106656e+01 2.013575170533550285e+00 1.300000000000000000e+01
2.264506563377004511e-01 1.916804460557915535e+00 1.350000000000000000e+01
1.270565977203154340e+01 6.847524064655741149e+00 1.400000000000000000e+01
1.262067196104105271e+01 7.313902994358813636e+00 1.450000000000000000e+01
1.276252845215557308e+01 7.460278026343566182e+00 1.500000000000000000e+01
1.296625156213404750e+01 7.584031041545548746e+00 1.550000000000000000e+01
1.333074223309535000e+01 7.241764258491482309e+00 1.600000000000000000e+01
1.366060501680305173e+01 7.602732795397932009e+00 1.650000000000000000e+01
1.402509568776435422e+01 7.260466012343865572e+00 1.700000000000000000e+01
1.459780884940775714e+01 7.491260898375555755e+00 1.750000000000000000e+01
1.442455278561381071e+01 6.656721021736785815e+00 1.800000000000000000e+01
1.539964189309569953e+01 6.967080706984183358e+00 1.850000000000000000e+01
1.559609568218658637e+01 5.952257322724360478e+00 1.900000000000000000e+01
1.596058635314788887e+01 5.609990539670294041e+00 1.950000000000000000e+01
1.632507702410919137e+01 5.267723756616227604e+00 2.000000000000000000e+01
1.668956769507049387e+01 4.925456973562161167e+00 2.050000000000000000e+01
1.705405836603179637e+01 4.583190190508094730e+00 2.100000000000000000e+01
1.741854903699309887e+01 4.240923407454028293e+00 2.150000000000000000e+01
1.778303970795440136e+01 3.898656624399961856e+00 2.200000000000000000e+01
1.814753037891570386e+01 3.556389841345895420e+00 2.250000000000000000e+01
1.851202104987700636e+01 3.214123058291828983e+00 2.300000000000000000e+01
1.917239721563950994e+01 3.365865169903761167e+00 2.350000000000000000e+01
1.868374494034027222e+01 2.773441501664482445e+00 2.400000000000000000e+01
1.958465196943291176e+01 2.978300658829086789e+00 2.450000000000000000e+01
1.903268973152655974e+01 1.907117410477605635e+00 2.500000000000000000e+01
2.295343066139352572e+00 2.332213888218108266e+00 2.550000000000000000e+01
3.247119593925795300e+00 2.400342085445281715e+00 2.600000000000000000e+01
3.611610264887097799e+00 2.058075302391214834e+00 2.650000000000000000e+01
3.941923606183419970e+00 2.382182469893318277e+00 2.700000000000000000e+01
4.306414277144722469e+00 2.039915686839251840e+00 2.750000000000000000e+01
4.875253636193886742e+00 2.267750893548217128e+00 2.800000000000000000e+01
5.239744307155189240e+00 1.925484110494150469e+00 2.850000000000000000e+01
5.059327424284627561e+00 1.674073930287310219e+00 2.900000000000000000e+01
5.812096513313879775e+00 1.710867110120777745e+00 2.950000000000000000e+01
5.000381232692834743e+00 1.455675471146558486e+00 3.000000000000000000e+01
5.875129149607461798e+00 1.548463980026236753e+00 3.050000000000000000e+01
4.934221579732374074e+00 1.134412903432388653e+00 3.100000000000000000e+01
6.068739939947649376e+00 1.283525877242751356e+00 3.150000000000000000e+01
4.837783509892513933e+00 4.262175639105907354e-01 3.200000000000000000e+01
6.703635202095856727e+00 1.891764567612705950e-01 3.250000000000000000e+01
6.829847607587550939e+00 1.898433483270670052e+01 3.300000000000000000e+01
6.514565841571644533e+00 1.993291106472666385e+01 3.350000000000000000e+01
6.676724746583013292e+00 1.900676158475993205e+01 3.400000000000000000e+01
6.356340083620660053e+00 1.969990745330908055e+01 3.450000000000000000e+01
6.720830754581962552e+00 1.935764067025501234e+01 3.500000000000000000e+01
6.738428536262749624e+00 1.976297018693151841e+01 3.550000000000000000e+01
6.303504905485209697e+00 8.651098133107701926e-01 3.600000000000000000e+01
5.475075541080382635e+00 1.939542565962517529e+01 3.650000000000000000e+01
5.880282573156500270e+00 1.960602317835080299e+01 3.700000000000000000e+01
6.244773244117802768e+00 1.926375639529673478e+01 3.750000000000000000e+01
7.096419074853239195e+00 1.185077951210267599e+00 3.800000000000000000e+01
7.429536229922154789e+00 1.027290603083755904e+01 3.850000000000000000e+01
1.905182393254020567e+01 1.894041204050053295e+01 3.900000000000000000e+01
1.762649056755208221e+01 1.907799670681225734e+01 3.950000000000000000e+01
1.843923986973461737e+01 1.930669581601292606e+01 4.000000000000000000e+01
1.819163527135606628e+01 1.920554094683597413e+01 4.050000000000000000e+01
1.804939883578297710e+01 1.900856261254474333e+01 4.100000000000000000e+01
1.883293456740283389e+01 1.902279441567085883e+01 4.150000000000000000e+01
1.801364014656730106e+01 1.902104158368945264e+01 4.200000000000000000e+01
1.879925358372332411e+01 1.904992846538538132e+01 4.250000000000000000e+01
1.805578472099117349e+01 1.904187819178237717e+01 4.300000000000000000e+01
1.882389577926529967e+01 1.905078132765996202e+01 4.350000000000000000e+01
1.804179685430381852e+01 1.906216310096701250e+01 4.400000000000000000e+01
1.880417530490968403e+01 1.907510894714679139e+01 4.450000000000000000e+01
1.807220075081999866e+01 1.908715045889417539e+01 4.500000000000000000e+01
1.881902467279752500e+01 1.908564573429649158e+01 4.550000000000000000e+01
1.807278459635522339e+01 1.911618831052346223e+01 4.600000000000000000e+01
1.880833877692069578e+01 1.911188208865569749e+01 4.650000000000000000e+01
1.809953199313009264e+01 1.914951490397028877e+01 4.700000000000000000e+01
1.846402266409139514e+01 1.880724812091622056e+01 4.750000000000000000e+01
1.805281902412009032e+01 1.853030706075295342e+01 4.800000000000000000e+01
5.213955868539414951e-01 1.949336201075935904e+01 4.850000000000000000e+01
5.072774621161902253e+00 6.038462284061857588e+00 4.900000000000000000e+01
5.437265292123204752e+00 5.696195501007791151e+00 4.950000000000000000e+01
5.801755963084507250e+00 5.353928717953724714e+00 5.000000000000000000e+01
